massen und radien von sternen mit he und fe
bei zentraldichte 1.0E+30/cm^3
he fe m/cm^3 r cm ianz
0.00 0.00 8.869E+30 4.094E+08 4119
0.00 0.01 7.637E+31 7.315E+08 7331
0.00 0.02 9.338E+31 7.098E+08 7116
0.00 0.03 9.869E+31 6.708E+08 6726
0.00 0.04 9.991E+31 6.336E+08 6355
0.00 0.05 9.950E+31 6.008E+08 6027
0.00 0.06 9.841E+31 5.724E+08 5744
0.00 0.07 9.705E+31 5.477E+08 5498
0.00 0.08 9.560E+31 5.261E+08 5283
0.00 0.09 9.416E+31 5.070E+08 5093
0.01 0.00 1.336E+31 4.648E+08 4671
0.01 0.01 8.560E+31 7.548E+08 7564
0.01 0.02 1.023E+32 7.282E+08 7299
0.01 0.03 1.069E+32 6.863E+08 6880
0.01 0.04 1.075E+32 6.471E+08 6490
0.01 0.05 1.065E+32 6.129E+08 6149
0.01 0.06 1.049E+32 5.833E+08 5852
0.01 0.07 1.031E+32 5.577E+08 5598
0.01 0.08 1.013E+32 5.353E+08 5374
0.01 0.09 9.951E+31 5.155E+08 5177
0.02 0.00 1.570E+31 4.857E+08 4880
0.02 0.01 8.929E+31 7.606E+08 7623
0.02 0.02 1.059E+32 7.332E+08 7348
0.02 0.03 1.104E+32 6.910E+08 6927
0.02 0.04 1.108E+32 6.515E+08 6533
0.02 0.05 1.096E+32 6.171E+08 6191
0.02 0.06 1.079E+32 5.873E+08 5894
0.02 0.07 1.059E+32 5.614E+08 5635
0.02 0.08 1.039E+32 5.388E+08 5409
0.02 0.09 1.020E+32 5.189E+08 5211
0.03 0.00 1.744E+31 4.984E+08 5006
0.03 0.01 9.160E+31 7.623E+08 7639
0.03 0.02 1.083E+32 7.351E+08 7368
0.03 0.03 1.128E+32 6.932E+08 6949
0.03 0.04 1.131E+32 6.539E+08 6558
0.03 0.05 1.118E+32 6.194E+08 6214
0.03 0.06 1.100E+32 5.896E+08 5916
0.03 0.07 1.079E+32 5.638E+08 5658
0.03 0.08 1.059E+32 5.411E+08 5433
0.03 0.09 1.039E+32 5.211E+08 5233
0.04 0.00 1.881E+31 5.065E+08 5088
0.04 0.01 9.314E+31 7.618E+08 7635
0.04 0.02 1.100E+32 7.353E+08 7370
0.04 0.03 1.145E+32 6.940E+08 6957
0.04 0.04 1.148E+32 6.550E+08 6570
0.04 0.05 1.135E+32 6.208E+08 6227
0.04 0.06 1.116E+32 5.911E+08 5931
0.04 0.07 1.095E+32 5.653E+08 5674
0.04 0.08 1.074E+32 5.426E+08 5447
0.04 0.09 1.053E+32 5.226E+08 5246
0.05 0.00 1.991E+31 5.117E+08 5139
0.05 0.01 9.414E+31 7.599E+08 7616
0.05 0.02 1.111E+32 7.344E+08 7362
0.05 0.03 1.157E+32 6.939E+08 6956
0.05 0.04 1.161E+32 6.554E+08 6573
0.05 0.05 1.148E+32 6.215E+08 6235
0.05 0.06 1.129E+32 5.920E+08 5940
0.05 0.07 1.107E+32 5.662E+08 5683
0.05 0.08 1.086E+32 5.436E+08 5458
0.05 0.09 1.065E+32 5.237E+08 5259
0.06 0.00 2.080E+31 5.148E+08 5169
0.06 0.01 9.476E+31 7.570E+08 7585
0.06 0.02 1.119E+32 7.328E+08 7344
0.06 0.03 1.166E+32 6.931E+08 6948
0.06 0.04 1.171E+32 6.552E+08 6570
0.06 0.05 1.158E+32 6.216E+08 6236
0.06 0.06 1.139E+32 5.924E+08 5944
0.06 0.07 1.118E+32 5.668E+08 5689
0.06 0.08 1.096E+32 5.443E+08 5464
0.06 0.09 1.076E+32 5.244E+08 5264
0.07 0.00 2.152E+31 5.163E+08 5185
0.07 0.01 9.509E+31 7.535E+08 7551
0.07 0.02 1.124E+32 7.306E+08 7321
0.07 0.03 1.173E+32 6.919E+08 6935
0.07 0.04 1.178E+32 6.546E+08 6564
0.07 0.05 1.166E+32 6.214E+08 6233
0.07 0.06 1.148E+32 5.924E+08 5945
0.07 0.07 1.126E+32 5.670E+08 5690
0.07 0.08 1.105E+32 5.447E+08 5468
0.07 0.09 1.084E+32 5.249E+08 5270
0.08 0.00 2.211E+31 5.167E+08 5188
0.08 0.01 9.518E+31 7.494E+08 7509
0.08 0.02 1.126E+32 7.279E+08 7295
0.08 0.03 1.177E+32 6.902E+08 6920
0.08 0.04 1.184E+32 6.536E+08 6554
0.08 0.05 1.173E+32 6.209E+08 6229
0.08 0.06 1.154E+32 5.922E+08 5942
0.08 0.07 1.134E+32 5.670E+08 5690
0.08 0.08 1.112E+32 5.449E+08 5469
0.08 0.09 1.091E+32 5.252E+08 5273
0.09 0.00 2.258E+31 5.162E+08 5184
0.09 0.01 9.509E+31 7.449E+08 7466
0.09 0.02 1.127E+32 7.249E+08 7265
0.09 0.03 1.180E+32 6.883E+08 6900
0.09 0.04 1.188E+32 6.524E+08 6542
0.09 0.05 1.178E+32 6.202E+08 6221
0.09 0.06 1.160E+32 5.918E+08 5937
0.09 0.07 1.139E+32 5.669E+08 5689
0.09 0.08 1.118E+32 5.448E+08 5469
0.09 0.09 1.098E+32 5.252E+08 5274
0.10 0.00 2.295E+31 5.150E+08 5172
0.10 0.01 9.485E+31 7.401E+08 7418
0.10 0.02 1.126E+32 7.216E+08 7232
0.10 0.03 1.181E+32 6.861E+08 6878
0.10 0.04 1.191E+32 6.509E+08 6528
0.10 0.05 1.181E+32 6.192E+08 6211
0.10 0.06 1.164E+32 5.912E+08 5932
0.10 0.07 1.144E+32 5.665E+08 5686
0.10 0.08 1.123E+32 5.446E+08 5467
0.10 0.09 1.103E+32 5.252E+08 5273
0.11 0.00 2.324E+31 5.133E+08 5155
0.11 0.01 9.448E+31 7.351E+08 7369
0.11 0.02 1.124E+32 7.181E+08 7197
0.11 0.03 1.181E+32 6.837E+08 6854
0.11 0.04 1.192E+32 6.493E+08 6511
0.11 0.05 1.184E+32 6.181E+08 6200
0.11 0.06 1.168E+32 5.904E+08 5923
0.11 0.07 1.148E+32 5.660E+08 5680
0.11 0.08 1.128E+32 5.443E+08 5463
0.11 0.09 1.107E+32 5.250E+08 5271
0.12 0.00 2.346E+31 5.111E+08 5132
0.12 0.01 9.400E+31 7.300E+08 7315
0.12 0.02 1.121E+32 7.144E+08 7161
0.12 0.03 1.180E+32 6.811E+08 6829
0.12 0.04 1.193E+32 6.474E+08 6493
0.12 0.05 1.186E+32 6.168E+08 6187
0.12 0.06 1.170E+32 5.895E+08 5914
0.12 0.07 1.151E+32 5.653E+08 5673
0.12 0.08 1.131E+32 5.439E+08 5459
0.12 0.09 1.111E+32 5.247E+08 5267
0.13 0.00 2.362E+31 5.085E+08 5107
0.13 0.01 9.344E+31 7.246E+08 7262
0.13 0.02 1.117E+32 7.105E+08 7122
0.13 0.03 1.178E+32 6.784E+08 6801
0.13 0.04 1.192E+32 6.455E+08 6473
0.13 0.05 1.187E+32 6.154E+08 6173
0.13 0.06 1.172E+32 5.884E+08 5904
0.13 0.07 1.154E+32 5.646E+08 5666
0.13 0.08 1.134E+32 5.433E+08 5453
0.13 0.09 1.114E+32 5.243E+08 5264
0.14 0.00 2.372E+31 5.056E+08 5078
0.14 0.01 9.281E+31 7.192E+08 7209
0.14 0.02 1.113E+32 7.066E+08 7082
0.14 0.03 1.175E+32 6.756E+08 6774
0.14 0.04 1.191E+32 6.434E+08 6453
0.14 0.05 1.187E+32 6.138E+08 6158
0.14 0.06 1.173E+32 5.873E+08 5892
0.14 0.07 1.155E+32 5.637E+08 5657
0.14 0.08 1.136E+32 5.427E+08 5448
0.14 0.09 1.117E+32 5.238E+08 5260
